7 0.70234375 0.6421875 0.1671875 0.1875
7 0.5640625 0.6171875 0.109375 0.175
7 0.440625 0.57734375 0.1125 0.1828125
7 0.340625 0.54375 0.09375 0.184375
7 0.25625 0.16484375 0.065625 0.1328125
7 0.3640625 0.1765625 0.13125 0.11875
7 0.34453125 0.39375 0.1359375 0.140625
7 0.27109375 0.33046875 0.0859375 0.1578125
7 0.1453125 0.3515625 0.115625 0.1625
7 0.11171875 0.0765625 0.1328125 0.1375
7 0.05546875 0.21328125 0.0640625 0.1171875
7 0.14921875 0.2546875 0.0796875 0.11875
7 0.06796875 0.31875 0.0640625 0.165625